19244.0,13099.0,4250.0,6915.0,13429.0,6833.0,14068.0,18653.0,19098.0,17410.0,10743.0,7932.0,11420.0,16993.0,15478.0,15755.0,17702.0,16426.0,15150.0,11499.0,8629.0,5759.0,18803.0,14811.0,9038.0,4294.0,9250.0,9506.0,18093.0,12504.0,13499.0,12452.0,18700.0,5740.0,5324.0,19759.0,12128.0,17920.0,19513.0,12786.0,7624.0,11279.5,14935.0,16219.0,5152.0,7128.0,13137.5,19147.0,11024.0,16018.0,13660.0,15829.0,16227.0,11950.0,16022.0,
15670.0,12854.0,17987.0,12948.0,10203.0,8764.0,10915.0,7907.0,10344.0,6264.0,6869.0,6680.0,16885.0,9228.0,13999.0,11850.5,9702.0,15841.0,12429.0,4989.0,17985.0,7574.0,17414.0,8450.0,18360.0,8077.0,12179.5,16282.0,5487.0,7470.5,9454.0,14783.0,4365.0,10807.0,11192.0,15923.0,4732.0,9588.5,14445.0,12525.0,11869.0,19199.0,9676.0,7378.0,16499.0,13292.0,6522.0,8317.0,5342.0,16407.0,7196.0,5338.0,11706.0,8999.0,14822.0,9156.0,5557.0,5866.0,12613.0,11437.0,
19362.0,16473.0,8863.0,8094.0,19971.0,7627.0,10901.0,12144.0,13200.0,14009.0,8181.0,17786.0,18098.0,8044.0,6861.0,16065.0,18758.0,4527.0,16135.0,16683.0,15211.0,15426.0,15641.0,6975.0,9175.0,7299.0,9753.0,10302.0,19869.0,10073.0,8167.0,9471.0,4440.0,8139.0,9546.5,10954.0,15646.0,12460.0,12987.0,14706.0,12732.0,10244.0,9547.0,17975.0,13116.0,14390.0,11106.5,19271.0,18231.0,11756.0,10347.0,6335.0,17367.0,15763.0,
15936.0,8741.0,17139.0,11434.0,15998.0,9704.0,4796.0,10026.0,12022.0,8240.0,7451.0,5569.0,13289.0,4293.0,16185.0,18331.0,8619.0,17737.0,4301.0,12141.0,9112.0,10480.0,18874.0,6734.0,5292.5,11210.0,19798.0,14787.0,13542.0,12067.0,7363.0,6211.0,10114.0,7016.0,5232.0,5114.0,17829.0,17546.0,11556.0,17995.0,14627.0,18518.0,8566.0,8114.0,12748.0,
15834.0,15374.0,6906.0,5918.0,9497.0,14464.0,17901.0,4497.0,10018.0,15398.0,6127.0,12603.0,7858.0,15389.0,8031.0,15626.0,13381.0,18254.0,17953.0,7436.0,18228.0,8295.0,11702.0,16643.0,4704.0,10287.0,11071.0,6690.0,8512.0,7204.0,
6258.0,5502.0,19524.0,4752.0,17483.0,12236.0,19281.0,5990.0,14222.0,11310.0,14941.0,11962.0,16472.0,14352.0,5180.0,10646.0,
15856.0,4596.0,11176.0,13552.0,16658.0,5742.0,7741.0,10978.0,7834.0,5786.0,14013.0,9255.0,9983.0,14800.0,5715.0,14510.0,15728.0,14921.5,14115.0,19763.0,19533.0,6748.0,9361.5,11975.0,7618.0,11609.0,9067.0,15623.0,18445.0,18902.0,18952.0,6850.0,9190.0,15024.0,8271.0,19676.0,10655.0,14654.0,15682.0,11734.0,19734.0,6286.0,8916.0,14014.0,6323.0,11004.0,15398.0,6198.0,6638.0,10662.0,
13426.0,12607.0,5028.0,5977.0,7808.0,7111.0,19468.0,4719.0,6549.0,13134.0,8650.0,10848.0,13046.0,8654.0,8520.0,16068.0,7916.0,14217.0,15240.0,14398.0,17902.0,5679.0,18307.0,11471.0,7882.0,12009.0,16136.0,17079.0,9809.0,15584.0,6027.0,7383.0,9174.0,5637.0,6161.0,15122.0,12151.0,9595.5,7040.0,6336.0,13483.0,15910.0,8456.0,6620.0,9261.0,15756.0,15498.0,16950.0,5943.0,7059.0,12726.0,5703.0,14384.0,8464.0,11705.0,9797.0,17679.0,10445.0,19016.0,17638.0,18809.0,
4698.0,16584.0,14707.0,5377.0,8426.0,11039.0,19039.0,16422.0,10632.0,17505.0,15707.0,13483.0,13065.0,11784.0,8267.0,5012.0,14441.0,19773.0,6682.0,17497.0,8122.0,19592.0,8069.0,18738.0,4584.0,7003.0,5260.0,4879.0,15363.0,13739.0,16874.0,11313.0,5752.0,15814.0,9494.0,14518.0,17322.0,7832.0,16357.0,17396.0,6184.0,18027.0,11498.0,19737.0,16754.0,18251.0,13036.0,10428.0,9922.0,
13376.0,11490.0,15426.0,4800.0,12534.0,4933.0,4604.0,16108.0,8691.0,7292.0,16704.0,5139.0,9708.0,7762.0,5816.0,4429.5,14256.0,6662.0,13424.0,8603.0,7872.0,18342.0,12455.0,11169.0,16115.0,7995.0,15630.0,
7696.0,16749.0,7231.0,19986.0,15731.0,6338.0,5404.0,4598.0,10992.5,17387.0,11533.5,5680.0,10349.0,19728.0,9925.0,15914.0,17426.0,10863.0,15909.0,11180.0,6451.0,17283.0,19137.0,12891.0,9188.0,13095.0,13830.0,18197.0,7397.0,4692.0,5171.0,9281.0,15051.0,7756.0,7476.0,11180.0,5731.0,14513.0,18005.0,9778.0,19050.0,19632.0,18585.0,14139.0,19789.0,12473.0,13570.0,12501.0,5340.0,16050.0,
16017.0,12977.0,10406.0,5292.0,19343.0,12499.0,6519.0,15534.0,11240.0,18101.0,13814.0,12444.0,7152.0,13881.0,15398.0,11729.0,14379.0,11778.0,9177.0,19781.0,6624.0,9268.0,7507.0,6534.0,16080.0,14218.0,6700.0,12670.0,6917.0,11907.0,7664.0,9157.0,8316.0,11819.0,18084.0,16704.0,15324.0,15939.0,15473.0,7131.0,14106.0,6148.0,5104.0,13495.0,8849.0,15372.0,8673.0,6784.0,7692.0,18180.0,8913.0,17916.0,8834.0,18762.0,7239.0,5159.0,9901.0,11390.0,4484.0,14874.0,
19225.0,13597.0,7190.0,10931.0,18754.0,11802.0,6902.0,8658.0,10029.0,6216.0,13059.0,15312.0,6980.0,8898.0,8346.0,19352.0,19815.0,12184.0,13233.0,6486.0,11717.0,7403.5,16683.0,11305.0,14270.0,8991.0,9870.0,8610.0,16071.0,12474.0,
10023.0,6729.0,7107.0,14846.0,6733.0,11064.0,6271.0,9072.0,18446.0,12914.0,16759.0,5296.0,13300.0,12042.0,17814.0,16986.0,6580.0,5205.0,9220.5,17215.0,9882.0,10849.0,11816.0,12158.0,8965.0,17470.0,16277.0,
16691.0,7480.0,8140.0,12895.0,5418.0,11074.0,11321.0,14595.0,14476.0,7314.0,18951.0,11544.0,15744.0,12441.5,9139.0,19434.0,10631.0,19744.0,12810.0,11625.0,5593.0,7072.0,6952.0,17422.0,
14195.0,18054.0,6799.0,9539.0,5591.0,5108.0,9702.0,19411.0,14462.0,9124.0,18347.0,14902.0,5088.5,9645.0,11434.0,12442.0,6289.0,16122.0,13433.0,10744.0,9257.0,7770.0,11681.0,4624.0,7450.0,5506.0,9183.0,7434.0,15924.0,18407.0,18904.0,11959.0,14188.0,16943.0,15786.0,5824.0,5437.0,18354.0,16165.0,16031.0,12784.0,12144.0,12904.0,19059.0,
17539.0,18065.0,7438.0,11750.0,18430.0,11540.0,17814.0,6971.0,18973.0,15421.5,11870.0,18870.0,18916.0,19152.0,10536.0,15347.0,5076.0,17693.0,8051.0,18596.0,10603.0,19937.0,14080.0,13600.0,6386.0,11356.0,
4625.0,19178.0,8391.0,16128.0,4991.0,12425.0,6023.0,18426.0,11368.0,13586.0,11643.0,12286.0,19296.0,19341.0,19386.0,13823.0,16745.5,19668.0,17883.0,11007.0,4310.0,9083.0,8179.0,9553.0,13933.0,14743.0,16416.0,8655.0,5787.0,7266.0,8040.0,13417.0,18041.0,6703.0,4398.0,16976.0,14531.0,4440.0,13405.0,4588.0,15032.0,17219.0,12761.0,6877.5,13745.0,8316.0,7357.0,8725.0,4397.0,8535.0,12673.0,11093.0,17246.0,4328.0,8948.0,11680.0,15368.0,12737.0,14245.0,7575.0,
16197.0,16020.0,11868.0,5483.0,6489.0,15446.0,15946.0,18856.0,8356.0,7371.0,11495.0,8719.5,15867.0,10360.0,5571.0,11420.0,13514.0,12000.0,9692.0,14078.0,14330.0,14582.0,19576.0,15129.0,6371.0,6619.0,8821.0,18002.0,8336.0,14609.0,12442.0,17999.0,14606.5,11214.0,5201.0,8804.0,12407.0,16595.0,14604.0,13032.0,4244.0,17896.0,9880.0,9065.0,7056.0,17415.0,19745.0,17532.0,8514.0,14060.0,18656.0,17527.0,18474.0,19174.0,11822.0,19513.0,13410.0,13976.0,
7625.0,18311.0,5894.0,12476.0,17219.0,9102.0,6092.0,17545.0,5304.0,4652.0,12722.0,14717.0,12230.0,9739.0,9853.0,9834.0,
19214.0,7998.0,7341.0,12802.0,7955.0,11775.0,4398.0,15671.0,10574.0,12127.0,12381.0,11205.0,18782.0,5386.0,12551.0,15486.0,16220.0,19973.0,19377.0,12096.0,4815.0,19869.0,18928.0,17987.0,8397.0,4245.0,8790.0,9282.0,7431.0,16054.0,11197.0,15073.0,8893.0,11865.0,6396.0,4957.0,11560.0,18775.0,
19942.0,10467.0,14660.0,9879.0,13661.0,8437.0,7625.0,12217.0,13915.0,8262.0,5126.5,9730.0,6546.0,14989.0,7395.0,10003.0,18320.0,4977.0,6873.0,18728.0,15585.0,8344.0,7472.0,11286.0,10933.0,10580.0,8314.0,12627.0,5267.0,9560.0,10494.0,6530.0,14761.0,5695.0,15930.0,4394.0,8134.0,13784.0,12446.0,16468.0,5520.0,
5759.0,12716.0,13724.0,17097.0,12502.0,18535.0,12850.0,7095.0,12592.0,10085.0,15265.0,8222.0,13313.0,16535.0,11657.0,14699.0,6286.0,4500.5,8087.0,15875.0,12592.0,13416.0,19264.0,8474.0,13796.0,15228.0,6761.0,5168.0,16223.0,4680.0,9213.0,8965.0,17379.0,7069.0,4614.0,17762.0,10700.0,
17186.0,18075.0,12799.0,8075.0,13191.0,15237.0,15633.0,12522.0,7089.0,7077.0,15837.0,7961.0,12822.0,17683.0,5134.0,10193.0,9050.0,16338.0,13990.0,10708.0,7426.0,11473.0,13146.0,14819.0,4482.0,7911.0,14466.0,9627.0,4788.0,10204.0,11616.0,10061.0,4327.0,9989.0,11389.0,16943.0,8769.0,5611.0,9003.0,11583.0,
15070.0,11293.0,10460.0,14940.0,6903.0,17552.0,17100.0,19165.0,7993.0,14979.0,11591.0,15648.0,7973.0,17117.0,17547.0,12166.0,6806.0,8656.5,10507.0,4488.0,7057.0,15143.0,10608.0,19189.0,18892.5,18596.0,9521.0,16912.0,17411.0,8497.5,15989.0,8687.0,7140.5,5594.0,15787.0,12080.0,12093.0,12083.0,13663.0,19406.0,
7076.0,18937.0,10625.0,7801.0,15060.0,8711.0,19359.0,4810.0,11782.0,10335.0,5138.0,13852.0,12852.5,11853.0,10223.0,8322.5,6422.0,13402.0,19611.0,18167.0,11083.0,7138.0,8778.0,15395.0,10325.0,17995.0,9946.0,19132.0,16698.0,14976.0,14549.0,13595.0,10726.0,18740.0,12347.0,5954.0,4375.0,7641.0,16376.0,7145.0,18899.0,7958.0,10460.0,13666.0,18219.0,4661.0,18603.0,15082.0,14805.0,
14806.0,6289.0,14839.0,15963.0,6463.0,18936.0,14928.0,14536.0,12413.0,12874.0,18284.0,18390.0,16104.5,13819.0,7627.0,8912.0,7050.5,5189.0,8110.0,10172.0,13416.0,4744.0,16550.0,14302.0,15449.0,7092.0,5298.5,10726.0,7399.0,8880.0,4731.0,15876.0,7207.0,5238.0,17345.0,17005.0,8264.0,7554.0,6844.0,19793.0,17763.0,14376.0,16969.0,7003.0,15690.0,16481.0,8279.0,
11730.0,6501.0,19134.0,14559.0,18012.0,10676.0,11553.5,12431.0,14991.5,17552.0,9303.0,11423.0,7573.0,7262.0,17026.0,17907.0,9383.0,17136.0,5657.0,9029.5,18038.0,8274.0,4558.0,14136.0,14119.0,7932.0,10676.0,5342.0,4465.0,17076.0,17227.0,10914.0,7201.0,6346.0,13047.5,19749.0,15851.0,7794.0,11156.0,12450.0,14704.0,19281.0,4399.0,11918.0,8572.0,13906.0,11185.0,11525.0,11031.0,6254.5,9542.0,14111.0,6978.0,13019.0,18366.0,
9440.0,18881.0,17122.0,16084.0,4481.0,14350.0,17125.0,10283.0,7097.0,14204.0,18276.0,17295.0,11512.0,8542.0,8720.0,11169.0,18351.0,7492.0,12368.0,17244.0,5654.0,11765.0,13875.0,13246.0,16561.0,5829.0,17038.0,4551.0,4999.0,15807.0,10294.0,19615.0,5032.0,5627.0,6222.0,18861.0,9390.0,11854.0,4469.0,10223.0,12554.0,8344.0,11407.0,13994.0,10219.0,5170.5,17064.0,10526.0,10365.0,10204.0,7079.0,12255.0,17028.0,13928.0,15606.0,
6577.0,12587.0,8403.0,19840.0,6679.0,5220.0,15991.0,16899.0,7336.0,10477.0,15606.0,5961.0,9394.0,15609.0,18862.0,11713.0,5076.0,7354.0,15604.0,13281.0,4476.0,19501.0,6135.0,4990.0,16665.0,14341.5,12018.0,19691.0,10951.0,12468.0,16544.0,19406.0,18949.0,15875.0,13698.0,17299.0,7806.0,
14597.0,8565.0,4348.0,19648.0,13451.0,18396.0,14704.0,8390.0,14038.0,6069.0,10880.0,17923.0,18942.0,10392.0,7033.0,16948.0,16862.0,5255.0,
16339.0,14170.0,11376.0,17157.0,12906.0,6012.0,5599.0,18015.0,7395.0,17264.0,7161.0,18542.0,9193.0,17073.0,12994.5,8916.0,4860.0,10337.0,7023.0,15555.0,11802.0,10301.0,17456.0,6184.0,16705.0,13850.0,10995.0,8233.5,12498.0,7027.0,11999.0,14949.0,6421.0,10034.5,13648.0,13359.0,7668.0,10007.5,17414.0,7170.0,18716.0,8108.0,13604.0,10965.0,15776.0,18397.0,14494.5,10592.0,8104.0,16988.0,11208.0,9457.0,8958.0,16024.0,19068.0,9555.0,14950.0,10370.0,7834.0,16737.0,13428.0,
14146.0,6478.0,12440.0,13721.0,7357.0,5173.0,9896.0,6175.0,16103.0,13210.0,13412.0,17266.0,12992.0,7433.0,19924.0,14162.5,8401.0,16682.0,5044.0,13389.0,12902.5,12416.0,11405.0,14239.0,19452.0,7536.0,
7992.0,19705.0,13098.0,11576.0,15309.0,9169.0,7706.0,5258.0,9185.0,4747.0,15783.0,19996.0,14003.0,16384.0,13688.0,7022.0,19424.0,16950.0,10070.0,7951.0,7012.0,15616.0,18084.0,14631.5,11179.0,15709.0,19543.0,14258.0,15485.5,16713.0,8222.0,4929.0,11419.0,11006.0,17161.0,17767.0,6478.0,15970.0,
15384.0,4558.0,6781.0,15356.0,7197.0,8797.0,12037.0,14290.0,15765.0,7139.0,5386.0,19326.0,15452.0,9208.5,11631.0,11123.0,17351.0,11563.5,5776.0,17154.0,14714.0,9507.0,4300.0,17369.0,17698.0,4929.0,16870.0,11161.5,5453.0,13044.0,15794.0,
10178.0,13278.0,16830.0,10034.0,19680.0,18516.0,11970.0,7044.0,7774.0,11496.0,11316.0,9299.0,13769.0,5538.0,6037.0,7616.0,9195.0,9095.0,10322.0,12943.0,4226.0,5367.0,12991.0,15017.0,17043.0,11226.0,7248.0,4565.0,15273.0,18279.0,11339.5,4400.0,19954.0,9116.0,16719.0,12030.0,
11546.0,17839.0,14786.0,14073.0,19841.0,15433.0,12833.0,15450.0,9933.0,13728.0,10577.5,7427.0,13502.0,12843.0,12607.0,17317.0,8744.0,8506.0,15038.0,12479.0,6689.0,13702.0,15335.0,5737.0,6956.0,16429.0,15171.0,13565.0,17338.0,6964.0,12746.0,9547.0,17675.0,
11383.0,18849.0,8591.0,12719.0,5940.0,19053.0,18311.0,9847.0,13623.0,11679.0,11962.0,14667.0,17282.0,16086.0,19263.0,6304.0,10198.0,18510.0,13533.0,8556.0,11389.0,19543.0,5073.0,8411.0,15658.0,17304.0,9028.0,14390.0,12721.5,11053.0,7207.0,4239.0,12337.0,12906.0,5933.0,18581.0,9885.0,16484.0,7353.0,5695.0,6637.0,7579.0,7869.0,5705.0,18361.0,18674.0,13844.5,9015.0,15870.0,14904.0,13464.0,6928.0,14975.0,16811.0,11334.5,5858.0,8400.0,10942.0,7103.0,15839.0,15734.0,
13850.0,10827.0,13861.0,14975.0,13778.0,7986.0,4532.0,15716.0,18022.0,13713.0,4590.0,12145.0,12928.0,7073.0,18416.0,13967.0,8839.5,16385.0,15159.0,8169.0,5277.0,18352.0,13349.0,13766.0,5650.0,8029.0,14769.0,8659.0,14196.0,17097.0,15636.0,17853.0,5049.0,6783.0,9135.0,19182.0,4772.0,4501.0,10804.0,14567.0,6432.0,4474.0,7826.0,18754.0,17682.0,15675.0,13763.0,19704.0,8398.0,15709.0,7612.0,6407.0,16829.0,
15801.0,19582.0,16981.0,16575.0,9006.0,9721.0,6503.0,10283.0,6880.0,13256.0,20000.0,8736.0,11393.0,7494.0,17942.0,12949.0,16141.0,8533.0,12845.0,5551.0,10520.0,10839.0,18685.0,12541.5,6398.0,15092.0,14378.0,6288.0,8939.0,12541.0,18289.0,5454.0,17167.0,19671.0,15207.0,19374.0,7165.0,4356.0,9092.0,14612.0,17064.0,
17641.0,16178.0,9520.0,9293.0,8482.0,19700.0,4479.0,6181.0,8225.0,19496.0,10679.0,13489.0,16958.0,4290.0,10339.0,7318.0,19960.0,11574.0,7728.5,15390.0,10921.0,15900.0,13352.5,10805.0,16733.0,14236.0,6937.0,8990.0,9620.0,15126.0,12934.0,13487.0,15889.0,7262.0,15891.0,16875.0,9692.0,6408.0,6736.0,14912.0,14991.0,19873.0,
8552.0,17325.0,16488.0,7524.0,8522.0,12350.0,19736.0,6450.0,9676.0,6692.0,12594.0,10392.0,8190.0,18826.0,12537.0,17780.0,18131.0,11090.0,13739.5,16389.0,10117.5,5472.0,19768.0,8831.0,9661.0,12329.0,13162.0,9460.0,9661.0,15062.0,10026.0,16865.0,17818.0,
18435.0,17207.0,7892.0,10286.0,11697.0,16613.0,9531.0,12990.0,14686.0,12734.0,9627.0,13702.0,7999.0,13364.0,5130.0,10847.0,16564.0,4537.0,7034.5,13724.0,9877.0,9494.5,16700.0,10572.0,17428.0,5942.0,15822.0,6810.0,6108.0,8750.0,16216.0,14758.0,4851.0,18859.0,5317.0,16920.0,7609.0,
10078.0,8971.0,19062.0,13911.0,16216.0,10484.0,19625.0,8475.0,15421.0,14437.0,4936.0,9310.0,19190.0,5519.0,5135.0,11593.0,6966.0,
15411.0,13142.0,6475.0,14384.0,16490.0,5467.0,14918.0,14007.0,13458.0,6354.0,13236.0,11710.0,9361.0,14209.0,8745.0,13629.0,7543.0,8856.0,7576.0,5007.0,15224.0,8416.0,10263.0,18116.0,13966.0,14025.0,4448.0,7605.0,7892.0,13908.0,9092.0,16711.0,9323.0,14127.5,18932.0,10670.0,11379.0,4328.0,6928.0,
8698.0,4887.0,9186.0,14937.0,18097.0,13029.0,6342.0,16844.0,11077.0,6260.0,11951.0,17642.0,10161.0,16460.0,17602.0,14786.0,9561.0,7602.0,7982.0,9016.0,7556.0,9617.0,4903.0,18058.0,5176.0,8897.0,19698.0,5735.0,14649.0,14106.5,13564.0,16203.5,18843.0,19357.0,4358.0,11589.0,10085.0,11115.0,17574.0,17462.0,15642.0,11852.0,
6042.0,5107.0,12311.0,6618.0,18801.0,6784.0,7017.0,4449.0,8284.0,16010.0,16341.0,5154.0,18291.0,17638.0,14492.0,8489.5,15308.0,15167.0,11160.0,6319.0,4768.0,13568.0,4514.0,19014.0,10140.0,11967.0,
8309.0,5679.0,5110.0,17989.0,6287.0,6198.0,5813.0,14413.0,14161.0,13589.0,8851.0,11966.0,19017.0,15104.0,12510.0,14345.0,11354.5,8364.0,14124.0,16850.0,12777.0,11708.0,19476.0,14224.0,11169.0,6982.0,9996.0,11433.0,12870.0,15501.0,8412.0,14622.0,12213.0,10235.0,15122.0,15926.0,19666.0,18730.0,18362.5,17995.0,17745.0,7412.0,12298.0,15924.5,19551.0,11137.0,6735.0,13647.0,16091.0,
4896.0,15735.0,7900.0,8763.0,16176.0,11997.0,15094.0,4741.0,15480.0,10165.5,4851.0,6997.0,14620.0,17980.0,10981.0,15625.0,8390.0,19146.0,7641.0,14007.0,5865.0,8418.0,8547.0,14364.0,9510.0,6353.0,13958.0,10602.0,13323.0,
16483.0,19296.0,13519.0,4531.0,12082.0,16814.0,5679.0,6655.0,9362.0,4706.0,5615.0,11980.0,14477.0,13645.0,17374.0,17164.0,14250.0,12756.0,19431.0,11814.0,8784.0,5754.0,7885.0,10016.0,10206.0,14025.0,5160.0,17122.0,8911.5,15819.0,9456.0,12671.0,10693.0,6835.0,14717.0,16259.0,14228.0,19417.0,9685.0,13381.0,13176.0,8865.0,12780.0,13935.0,14848.0,7591.0,12225.0,14331.0,8549.0,18494.0,16133.0,8984.0,7455.5,5927.0,11639.0,18816.0,19680.0,
5608.0,6084.0,12523.0,16422.0,15956.0,18704.0,9518.0,16428.0,17380.0,15191.0,8066.0,14820.0,8345.0,12975.0,19754.0,7755.0,9164.0,16685.0,4748.0,8593.0,11033.0,4703.0,8184.0,15459.0,13663.5,11868.0,8347.0,7794.0,9608.0,9408.0,6791.0,11961.0,19290.0,12972.0,17579.0,9978.0,14520.0,16838.0,9001.0,9661.0,11776.5,13892.0,6602.0,14589.0,8307.0,12514.0,16721.0,10988.0,15167.0,5468.0,10805.0,16142.0,13409.0,19035.0,4544.0,11689.0,15133.0,9332.0,15096.0,14067.0,16757.0,
6885.0,13098.0,9343.0,11534.0,9597.0,13652.0,5584.0,15455.0,13595.0,10830.0,13981.5,17133.0,5328.0,6398.0,10697.0,15833.0,7549.0,4474.0,17636.0,14114.0,6551.0,13775.0,12320.0,12991.0,6000.0,8898.0,7381.0,14905.0,8191.0,15856.0,5311.0,8565.0,6344.5,12477.0,7746.0,10565.0,17383.0,8554.0,13459.0,8212.5,15886.0,5365.0,14672.0,15225.0,16453.5,17682.0,7754.0,16572.0,17522.0,17600.0,12174.0,18506.0,17448.0,10845.0,14548.0,17158.0,
18474.0,15663.0,13130.0,17668.0,17541.0,9398.0,16944.0,8484.0,15688.0,10987.5,6287.0,5209.0,18274.0,14761.0,6317.0,19664.0,15620.0,19536.0,19684.0,11296.5,8701.0,14127.0,7193.0,18453.0,11303.0,9501.0,7635.0,14383.0,7013.0,19543.0,17485.0,16081.0,10274.0,
9798.0,15044.0,12306.0,6438.0,12412.0,11855.0,19431.0,5538.0,11311.0,12924.0,7742.0,9980.0,11350.0,14550.0,12669.0,6087.0,12253.0,13291.0,7391.5,8677.0,15517.0,6502.0,7318.0,11870.0,4577.0,
19365.0,12128.0,9692.0,14688.0,13754.0,17179.0,17446.0,12944.0,16959.0,18100.0,4262.0,16302.0,12255.0,14041.0,16515.0,6034.0,7411.0,8788.0,11239.0,18391.0,19139.0,19887.0,16377.0,7759.0,15181.0,7998.0,10319.0,8583.0,5077.0,9352.0,
