239044546.23809522
178430962.125
-18555439.0
248924975.19402984
-29037857.836065575
41037768.777777776
42483360.06666667
-617199.6166666667
72547842.34328358
24939181.22033898
4111731.8333333335
-13071578.166666666
-170031953.3783784
167094936.3409091
4326205.226666667
222936897.5
-18272996.90769231
-123487608.03773585
548080277.3888888
-395875689.88
320766158.75757575
192925591.4074074
-261518409.93589744
-223476097.30555555
88983270.1923077
3117263.423076923
-131030300.1
-89035239.39534883
46987304.03030303
-130869229.9090909
-236989494.9
-52232074.51923077
118377694.6764706
174130867.98630136
-17530918.03773585
295149065.6481481
78074030.8
90378278.5
275118388.1388889
-406125890.8292683
179908181.54166666
12201706.606060605
90696911.05660377
7802735.466666667
4278483.175
100522756.9375
-134472058.8051948
-12243303.360655738
-22082729.352941178
136682994.3846154
-83467167.85365854
87317565.38666667
30314485.64285714
-9968863.604651162
-185511448.9710145
-102749432.39534883
-22521870.533333335
71741010.77142857
-114027463.35384615
-74433738.48571429
-197799081.13846153
69861051.68292683
52228726.04
201245214.22580644
-30162634.092592593
385051249.09836066
-115231196.725
-98203183.94285715
-77621465.37878788
